Id,SalePrice
2658,156272.52661667523
2718,207366.17966338168
2414,175205.03508871133
1989,103789.11874471357
625,160548.607465386
333,85799.59630504622
1327,114637.30321536117
858,194386.92275101726
95,219821.6642272481
1568,164221.76133313135
2482,165939.16191340642
1364,97718.10371694127
2584,159949.338889677
818,271476.87443453405
2673,166882.10409350175
2089,136712.78149502233
1297,120065.57928675847
790,113832.54173475412
2616,194201.48793233203
720,145074.77622674205
222,127813.47302763589
557,110946.65039461893
1148,201146.3339576329
2766,160383.23014924003
534,167435.64543474733
1452,158096.36859735198
630,166486.5914207975
2648,140739.0312634945
125,143496.92510782793
1904,67210.2324773823
1670,112768.59389419263
756,86073.77978277887
717,219560.93690551835
1032,155268.26282742142
852,214921.64381150805
1731,169644.03303858853
2639,136186.26473493286
2071,122869.02930190535
1267,118182.74244573484
1851,225287.98279970005
567,180491.95238577694
2439,205641.73304518563
1898,153507.5339148094
647,160792.48409397498
2256,234106.28025871547
979,107467.11318565176
1444,209281.459535638
2485,144427.11585631856
157,118685.37967162854
88,125644.62643893214
2003,102956.88333812155
186,185703.52369631568
1425,224542.15122441517
2695,99824.90419111082
738,109632.02662851996
395,127693.94037879768
1353,170295.12421358927
1878,156210.14583814534
390,157179.44418288735
1456,215597.15122958113
1103,301731.8955719217
1387,137457.65145437064
2070,141087.2969358316
1199,168712.8345697143
2479,168223.45707514035
501,306143.11943317973
2362,113223.98417949626
1718,273964.51171713014
2188,84802.9442559405
1483,155109.86722007437
2557,100913.40306863339
437,359736.76148253004
2224,218921.19670539314
1628,198004.2165098124
397,130113.70403310496
587,204568.8573498016
971,213673.1857679524
2611,144322.05323918993
1887,115431.42573899958
2399,321794.59909052483
2148,210654.97252307856
304,78988.90533683755
1997,103579.22672994055
2817,113672.49519910623
1431,187576.35707180868
427,343305.0931373935
263,159312.05157463686
598,184232.95557714748
2895,259306.06327508914
687,142812.27814212057
1822,122235.33049504891
2191,107594.6755382478
179,101744.38343813235
1009,268424.81728024565
2010,121162.67421197996
1991,131864.834259697
1411,151679.10293303605
1721,296237.6686714388
1144,175399.36516613874
593,165404.34448244877
575,245839.42914747505
1249,197678.55339819068
1604,131478.2382388367
1064,380466.5038603206
1923,148971.32770120248
1988,92243.37306035936
2325,170174.95197730899
114,196615.52717470328
2700,204228.28337823122
217,196292.14211780817
343,164426.849552398
386,238973.4062070003
2005,138968.27203501467
2908,156270.17552327982
1814,195217.0983732442
2446,425204.01207039243
208,145326.1241411396
1679,124748.94843039328
822,234509.92455051106
6,180445.97176530294
1781,280948.01039785973
2397,304895.0922568181
2340,312628.06023643236
1618,171071.45799566427
2843,191400.2126863161
1061,336861.3554009344
2786,159477.042328591
1935,126707.52187681061
1341,115777.07034119412
521,243284.18542871237
2136,170269.8928842899
996,182854.32145416777
227,131319.0293371125
135,151417.12076066653
1167,207733.89301866427
294,234268.550166982
1776,227744.74500258395
540,160419.2840829114
1717,273963.3514871039
2303,124901.66358950661
116,172518.20922647798
127,133244.41595842442
1371,111096.50333163327
1014,212693.5512801688
1507,92835.15317588576
702,158153.39806864224
750,141775.91977162345
261,174877.62773947732
1559,52275.49826416247
577,250251.83811646252
2812,203781.53836241298
2080,136710.57162709982
1368,96381.49822026842
2376,129571.03239057855
659,88802.82553887692
1235,133630.5691117931
332,85805.39745517747
1917,120363.07228958789
2094,217173.22060302144
1460,249520.95517480705
1471,216144.89316166675
1509,100460.0951647466
1922,131063.81337949153
433,398738.9798149944
460,288822.6492604724
1116,244756.44269891566
1137,160780.69573608867
53,177807.9132837759
2354,278681.5911272558
1475,210020.4110989789
1761,487218.86554039665
842,169551.14015920574
2739,154668.4951092008
2509,179588.92652286356
1007,206201.36546518205
2610,164557.40162222149
1952,77934.44097733017
2719,204975.88282963057
2921,85801.91676509872
1966,146427.94979369306
292,145604.14412200046
1204,193444.18134861026
1829,257340.6058286468
2419,170198.91526051695
391,170279.77371390234
798,103924.35811206033
481,169875.85072076257
193,189317.32550554676
555,121741.64285172877
899,103003.1936796064
2357,166326.94056584177
328,104541.08200713743
1356,111389.44154648713
1154,109705.7843815432
1730,170179.73682023038
2249,143732.8531108002
1119,240091.86795230655
2856,128345.06957270055
1394,175350.4237427041
2587,135229.6983365756
61,314573.9907835068
2661,173704.77220922065
2711,115445.51160208682
1147,178751.77519388223
757,110830.45560523526
2623,128485.71297145438
2378,142937.50084201884
1413,99514.42766434315
1722,281340.09841775696
1112,248212.50089745654
1623,189216.48187171755
1201,184137.67961492098
1513,104602.80483178452
957,403061.5110991278
1171,240698.65722721507
1145,180511.88855570907
2726,235495.76136125365
703,106141.36641984028
760,96555.44281535018
1964,128659.74747539207
2512,200157.96853653877
159,123401.68854383395
1281,162816.72869645926
468,177747.95635006836
290,99832.72015890472
665,94521.68816227674
1463,253030.6954162208
1792,249135.36437252664
923,187740.29466768325
500,299011.33064630034
1408,158249.30700402713
331,89541.73728805486
170,152000.93730180975
2192,86545.72880048312
2571,287703.49659289594
2314,173015.83471914183
2647,91350.62581056538
422,376363.65901408694
2457,297311.2292531795
1838,222974.0230574551
2805,223356.2783541438
1645,165026.40142125572
1711,340505.75161510013
2825,191210.8444073095
322,284297.8221723219
2103,228183.3990061386
342,118139.98273528315
600,115949.2303554943
488,196383.45014729263
1725,325454.7125891989
2246,213009.30855293394
2847,138606.27181747503
806,205972.54918406694
530,259158.01053464308
963,230675.31219022608
2678,111437.72121900706
171,93211.35358460937
2401,376125.91136951814
805,194157.82381184518
2259,310865.972116143
1748,189671.4551480812
1361,111342.23837822324
1677,117384.314625309
1406,116166.5078896754
2322,224346.60347341376
688,163982.94820766183
143,152966.15779529975
804,184409.12074818756
1214,153790.27824024955
2828,123193.15114105388
1999,190459.23109736104
2467,213468.37433541482
2665,140736.47271321554
1538,350445.3175663838
398,113114.22339690231
2822,126580.0725137814
2157,155115.0882551925
1856,221284.9827937007
1269,129180.1452870192
2570,137168.6754662934
2320,197827.7233174522
1517,125436.93784885242
2304,138087.05681492784
1312,82733.43618230255
2012,116229.1336263856
506,267587.9867844179
2865,250675.53964406427
2367,97369.12875920215
554,136285.0362638278
238,119995.62853539176
1954,116161.67149541152
2488,154099.63863383856
2291,85799.59630504622
1969,118387.22543258515
2725,163978.09781144926
1482,155109.86722007437
2763,191666.74960558888
503,273794.31832345517
1584,232957.89596635586
1531,182258.34763473034
2210,211615.37249492077
459,326507.3237252389
556,120183.4539264733
1347,152262.51402142394
1290,75937.09521998839
1388,123563.46161747015
1571,326344.8911503447
2754,195179.6174834738
765,134124.02466690133
2494,127476.56036067606
2870,247514.50804809562
7,278117.71025753
1114,247826.1137355935
2418,248157.2082156666
291,223949.58603127662
18,326837.8672853266
39,332974.68840553745
1001,308757.97440445755
2442,239361.00424815487
616,115515.88977302413
2680,89806.32515918194
1414,113006.02307803353
289,144967.06855962554
40,300180.52208083373
860,160712.09208098252
409,132513.1269031712
673,152452.72136383015
2427,177435.53896790586
2036,147170.78289121407
2564,158309.8107357387
642,201509.67201347332
1008,191932.48619576174
1908,176068.5428790096
2519,189380.2229368123
1369,75136.12747367944
2855,198336.15432733984
712,88511.60780228785
1943,131407.00544137924
1958,134721.11604676244
107,150961.69321329164
2295,212523.34897618621
704,120634.0671219184
676,151145.1225899445
259,198803.55190048143
93,289218.83645442815
106,236646.3072648265
2315,195263.14412238676
1050,116959.63701839253
1095,173686.41302946163
2709,129948.02354085837
758,152611.91121639617
1496,109459.10032447428
2370,117262.4904725526
2458,253162.51176482392
2733,137763.5581186129
161,296415.41381228593
726,121278.58903990235
845,208379.9302421194
947,200111.9822906015
2232,114207.28790113344
2563,150844.25742482257
2299,202974.07132137765
211,151581.5630361763
605,194853.47768452863
1478,192458.32817800736
2247,212534.77447219717
2274,258298.76155228473
2869,219221.13035807686
967,250387.77787230958
2656,119149.5959011665
667,229263.15096109218
1042,97332.58151337523
2023,167653.13646850234
2447,342802.5826652048
2055,128010.38850428804
2275,264504.84523394535
2204,171267.97109205922
1563,213830.9148686367
483,275679.0936057031
796,108653.7510780213
1526,192380.0202398241
2042,157257.9430785564
442,323462.84106775455
1693,356619.2082914399
1468,218421.26481518723
1430,214126.4875436988
2605,204959.929864556
1529,173175.16530339126
335,165614.29590881497
1287,109319.25696819456
31,106325.18150240692
1785,258447.21026817936
82,165561.5029581296
2620,147436.05242125876
252,191388.56144895026
721,87566.70438046646
2165,199216.5037041489
2316,173086.15744799346
775,122570.19429971176
1558,91309.95609964042
17,200082.50695710722
1022,210279.41446097335
925,164085.86030358626
438,314189.96112712345
1270,166774.58476863944
1272,127821.35246916208
215,144620.1846594796
266,212026.677479459
2402,299085.9697815971
1250,120933.97475221034
1984,116432.77871528546
1279,150383.83443922087
377,255216.31491595937
1252,192282.06592156913
2156,234944.7437606936
499,323432.14266890695
1374,128023.3329733932
2898,294957.5691165319
401,115122.58157234325
2721,195139.25548475722
2078,282426.1489521919
2589,133587.31368658805
1946,283046.07564299647
1334,116864.80012920604
2781,220647.37364765533
431,341114.62860323745
576,188611.74911209065
1474,201060.03050102055
2254,129427.348666992
2155,230246.72418501007
885,117972.5445049492
643,130933.74857143819
1944,123991.10873586478
480,179663.2082777764
2845,106576.92645430083
2387,341964.8945630777
2407,281369.5305934597
2527,145704.51820380878
2514,168279.90775212075
629,162730.2663397849
80,181797.09116715903
1876,145419.8787014003
1546,75691.67552504783
2518,201654.74987170837
2347,161808.10075878017
783,207256.46444138966
1322,84458.61820232954
194,101997.28089282555
1770,304614.7503820881
2143,158107.9708976145
1229,168754.3097903604
511,256778.11544085664
46,280257.26177847787
1348,146690.40635794355
2465,211471.881428166
387,234067.46328465934
873,207009.78298137645
1918,125510.74460473245
2764,196981.6895400746
2184,102184.14057077984
934,138072.67727222238
1920,130440.76985539461
2631,124238.30044183921
1768,476759.85918669915
2040,109867.25783895349
1749,212316.0548623536
834,196001.89242363634
1457,241339.87656658152
79,125575.28357120205
2302,122980.90278104764
1817,151064.3189424724
2755,225537.26168444887
359,172125.58115366744
2059,113907.4827885026
2092,227444.94931829197
2516,243435.0348664255
150,132744.44121736992
1656,162886.37793380636
83,149667.13573651304
2411,186805.95972734867
795,95160.26260147648
2312,237062.71295466705
2917,89566.10211860614
1624,174798.9838809741
2215,321824.3039957316
1211,137979.13078448334
1485,155116.82860023188
1024,159912.5889893957
570,214633.2937755068
2874,93198.57823006563
700,193338.86776715663
2756,214180.13777962027
2022,184634.06434719186
583,203445.84920284408
2392,336122.04101683566
2424,201082.20482792307
212,121855.22432970653
736,127513.65875431371
1610,193371.55223964038
890,121074.15651220235
467,171544.16733110187
578,310101.07874109194
1747,170515.31568185316
1149,164792.6316677967
2758,246932.9080692715
857,157991.94789498937
2219,280359.7937836612
733,127338.7130611513
2909,104651.64180268595
1798,247221.92207956486
235,140013.67722213035
2366,130301.13947735622
1027,135194.39686299703
1195,119039.8548223515
1303,54390.69356486268
148,177002.7799892506
608,152274.71045506035
2515,223820.89272747646
821,226355.29314266285
2500,308742.27846762724
745,122611.93878001443
741,144162.8440899985
1611,168065.92074748932
2532,122096.267604959
1081,205144.71027658574
1692,365937.0395903118
2520,172036.60528556266
276,165281.07826043805
1992,122494.38669104932
663,69948.46934833491
418,120284.78929374112
1733,192627.69672830997
2359,148757.95986900135
253,189276.63542123965
1518,189375.59175620717
2035,102171.17180642099
2919,85588.4344402685
1540,237824.48639692256
2120,175893.676177122
1674,152475.69764127897
256,158607.7752528898
2361,114457.18965228814
978,89533.6156778711
2280,145334.65459660033
2095,203520.3834892844
1709,348723.3428242992
2801,235407.3432835314
1246,117297.65573622473
2373,97210.75736061885
1055,303375.23499241704
2017,121767.40191303354
1099,289910.26341691805
1344,106379.58340368711
835,234820.3550576794
1117,234237.57522090338
2043,97154.47999285377
2085,107486.58454931572
410,150998.3073077073
2650,88749.15865905336
2867,202090.87190481217
1668,122157.28362492568
1161,182787.14500222885
2122,189623.01383948204
2539,135984.70070373188
1047,141634.97349501672
1445,165691.69984284023
541,160419.2840829114
569,255206.68780485957
1276,117319.44940353601
918,148259.4458848816
326,170879.22517006524
1936,119280.60255279863
895,94898.40240748062
257,182008.29957100988
1241,177972.5439563766
1545,87098.79194139846
1189,162815.90559672014
270,155109.86722007437
2066,239919.93177694533
693,96436.29637068299
1259,120086.46342723098
2916,173143.48335600144
2321,235411.60169275122
1977,106132.87222174845
1895,159904.30313117645
1240,148783.2265141334
85,150978.91502451434
1823,132281.4886376236
825,245104.35090304608
110,237313.62217932288
697,111600.41312262096
2297,133189.63056938688
1231,137904.91070765667
1355,142965.77454854
968,269477.714595319
584,202812.62657644053
1315,120769.8379405414
1606,121986.5856485503
206,79011.90517782251
1685,323551.05319460307
2016,134423.60143422073
869,216572.99884906848
2135,163380.62114136043
2346,163538.3730294057
2430,209111.80412801597
2198,150230.10316379333
2652,101632.79659607218
27,115466.81275480024
241,126390.82086383628
906,109003.10939119976
1506,87939.48886666416
2098,298985.8208460876
1435,207065.26081011325
2213,182748.56401310652
1274,127621.57123914044
743,105685.15108812231
1737,188113.062786481
2797,246036.7897493772
2185,119130.13158066173
58,192598.377903274
830,190117.9905250919
808,193451.76840004674
680,177813.91090403072
1153,113175.12978456139
1291,117281.72014453367
1818,236353.44647930274
2161,180570.95019174667
1883,131637.36855980297
350,382272.0462323078
2473,161894.95275348664
295,235535.5506046027
293,213281.4958113764
859,162936.26815185914
288,94902.12118778581
1578,225453.3851443732
102,204928.22406836497
2831,133741.37856065438
1030,178590.18332520148
2551,148629.36722339163
1286,123258.74455937362
958,249566.4981288251
776,123607.01351813391
72,236645.805864655
2263,244206.82086596004
1866,159062.03973201642
2876,62984.672425915225
2146,241439.69099369255
103,196358.34935623204
1500,107664.88329469005
492,195139.06971893992
167,140456.60832732014
2597,90260.6145786055
2685,134236.69630545616
1035,131180.26280716315
1220,99034.94624412894
2602,126240.1981258002
2159,219838.28234688012
695,158337.2252380962
1109,280601.81873626536
640,162529.2693773878
1652,140163.52221531863
2090,202499.13952436091
1188,204661.25375963096
2345,222104.32996432265
1059,373793.6455713801
2751,216950.53467750005
128,227627.97116835945
1523,164736.44822133862
2925,165176.17491823895
2145,258565.60613963526
1121,227268.4110542512
566,334468.6434593344
565,248893.73165069317
1331,161953.1503013549
2928,150450.40105172253
156,134219.04382532893
797,145043.2983439776
327,85848.32596614877
2859,184694.52865332746
1453,150816.43158418403
1762,318130.1348825678
1868,193555.40405574557
1760,183727.27550380863
1113,246727.06852080027
1812,189647.24659337604
117,164364.40170928751
1142,206593.73739974335
2342,343321.2987606268
927,170527.80254370047
2478,189203.31468551853
655,86742.25701225466
2064,114921.8063336763
369,301303.41834859125
2239,95904.252871417
2732,194020.1836322751
1653,156254.67156225824
959,224758.4974533549
2395,338910.3660392978
1412,108430.0636358569
271,229891.11368196405
1484,155116.82860023188
1497,117476.42712361355
552,193078.17024986178
2,118551.19987932942
1855,302261.6976517759
4,223663.2906302247
2292,143425.567426062
134,148625.10297292675
646,127323.66354330665
42,312757.647392566
532,243035.63323516498
713,112235.38488906257
2561,145155.49994538166
2360,138376.3363442073
1333,114954.58629769518
1407,270302.80554646475
2892,304097.9554307494
574,224438.40249311927
1227,181122.80121544425
2591,223381.98994766787
1476,208485.02522690516
1125,250303.99851119178
1446,166638.19967785635
408,124554.02978598308
1101,288688.5669204276
2251,173958.10341384352
373,176595.82254318512
2554,130210.33538292028
2382,308506.79824286024
1985,91630.32696131876
519,222233.7767664063
1093,196929.30372979044
864,244458.3119092153
2889,153453.36862904113
2308,196844.5958666927
986,148070.66336106477
1302,124490.02674820516
585,144598.65553167445
2708,128605.36466540581
147,144940.088940692
1441,216044.9001668859
383,184130.10347489693
285,152569.4355553675
181,102000.33320403399
358,168690.6659817967
780,250987.3098567913
258,200012.1198076422
1865,229928.1119036167
692,97689.33508438051
2902,284138.4788785324
508,256874.5335781487
2638,139507.97842238707
36,142996.09245834453
611,163820.51565294297
2281,152270.7196196305
1678,117481.7739475141
1696,388263.74977522995
1557,71639.61214662141
2180,110224.46036160704
1726,277229.92937060795
951,146230.16384204628
267,235276.60419305487
2706,157498.33750335185
2221,236733.3136207694
1357,164329.01380929595
2901,279497.5543497798
347,210162.65247203462
2164,187316.28821247446
1586,273705.9947003374
360,174135.8472129967
1769,270112.12046602624
2617,168566.569820363
1879,190193.20591496988
991,225294.82190451067
1535,167692.78713212526
1191,193924.63970632356
1579,217152.2630677305
1882,124600.18259005113
1510,121811.67234287213
2196,221055.57614186534
1845,204427.58481203756
2336,379764.31957019935
942,79240.08439821913
861,162642.55467397094
2555,116523.593962827
1392,158773.79720469186
2099,227570.2174372648
1543,121199.10647157117
948,215635.35369278112
1239,164738.83238434637
22,168064.58607653106
2796,227219.76844678033
2747,175305.25203633078
92,301147.98840705206
210,219087.1896003498
1858,194634.87450459838
2228,152543.23277882196
447,294596.0080502526
827,223279.26571854384
1649,190112.3729591092
682,154648.96217041425
2698,92857.07750798763
494,192655.22917456029
214,157022.02544108903
2441,244004.5966051494
2679,124348.01956892645
1336,118549.33916394172
465,168150.08318982337
1524,156950.52998990437
2543,114310.42055396736
631,138418.31249427286
2452,312048.17978350795
228,126857.27594715593
126,191722.38908956904
1092,280796.7687406847
1122,227268.4110542512
932,244323.17597376282
1980,111969.30009084247
2171,104806.84054512084
551,152412.7760236485
2768,192281.51499163342
2056,112735.70998454544
1159,343391.479432536
2645,162997.40823614402
1174,223626.49874822656
2266,232814.89671791368
2462,308749.9116266479
1219,137653.46328244638
2922,204655.76430221705
118,146544.36457651126
474,177795.73086850028
2576,160812.00455904822
872,245025.26692644093
1077,278792.4020806288
1536,167951.34831329266
1150,121711.7842509795
2341,324180.375520751
1931,140908.35446542816
2785,168973.91595399549
2538,130925.07172394448
597,200474.88211865744
464,269931.2309170652
233,210813.29793342686
2169,114955.50910717483
2123,167076.16732950942
1867,166410.5309648703
137,237153.48767116602
515,237725.04845416034
933,121114.40967965481
2784,193579.22941945103
972,154448.3114258796
599,169382.30114374356
2614,113284.77721076124
2582,132836.03338616012
1409,147413.9014883883
175,126290.27635174907
352,291697.35871220316
976,89562.04131351426
2134,199077.45058693652
984,124726.9050477394
2396,334609.1797774456
1673,115833.26039469874
404,130421.80340008636
607,153430.4630183235
814,179770.2664231158
868,202535.54548162915
2271,235398.0080581262
1633,312267.4227185064
337,231690.73837310015
2765,223334.31646565802
1746,207896.82275060687
368,343591.68653589726
2806,204700.88081713277
1662,183574.7548396659
1234,183900.09997995317
1373,140923.2034439741
1672,114252.4090526548
1939,119199.38645096104
